{
 "cells": [
  {
   "cell_type": "markdown",
   "id": "6f180e5c",
   "metadata": {
    "papermill": {
     "duration": 0.020777,
     "end_time": "2022-01-13T09:20:52.354593",
     "exception": false,
     "start_time": "2022-01-13T09:20:52.333816",
     "status": "completed"
    },
    "tags": []
   },
   "source": [
    "# Practical_04_Machine_Learning_Linear_Regression"
   ]
  },
  {
   "cell_type": "markdown",
   "id": "acadaafc",
   "metadata": {
    "papermill": {
     "duration": 0.018043,
     "end_time": "2022-01-13T09:20:52.391158",
     "exception": false,
     "start_time": "2022-01-13T09:20:52.373115",
     "status": "completed"
    },
    "tags": []
   },
   "source": [
    "**Importing Libraries**"
   ]
  },
  {
   "cell_type": "code",
   "execution_count": 1,
   "id": "91c341f5",
   "metadata": {
    "execution": {
     "iopub.execute_input": "2022-01-13T09:20:52.432085Z",
     "iopub.status.busy": "2022-01-13T09:20:52.430850Z",
     "iopub.status.idle": "2022-01-13T09:20:52.439458Z",
     "shell.execute_reply": "2022-01-13T09:20:52.439998Z",
     "shell.execute_reply.started": "2022-01-13T08:36:25.904240Z"
    },
    "papermill": {
     "duration": 0.030835,
     "end_time": "2022-01-13T09:20:52.440298",
     "exception": false,
     "start_time": "2022-01-13T09:20:52.409463",
     "status": "completed"
    },
    "tags": []
   },
   "outputs": [],
   "source": [
    "import pandas as pd\n",
    "import numpy as np\n",
    "import matplotlib.pyplot as plt"
   ]
  },
  {
   "cell_type": "markdown",
   "id": "d8e3ff14",
   "metadata": {
    "papermill": {
     "duration": 0.017934,
     "end_time": "2022-01-13T09:20:52.477044",
     "exception": false,
     "start_time": "2022-01-13T09:20:52.459110",
     "status": "completed"
    },
    "tags": []
   },
   "source": [
    "**Why you want to apply regression on selected dataset?**\n",
    "\n",
    "Because our Y which is target variable is of continuous type so we can apply regression"
   ]
  },
  {
   "cell_type": "code",
   "execution_count": 2,
   "id": "748e0121",
   "metadata": {
    "execution": {
     "iopub.execute_input": "2022-01-13T09:20:52.520276Z",
     "iopub.status.busy": "2022-01-13T09:20:52.519576Z",
     "iopub.status.idle": "2022-01-13T09:20:52.553675Z",
     "shell.execute_reply": "2022-01-13T09:20:52.554194Z",
     "shell.execute_reply.started": "2022-01-13T08:38:09.144952Z"
    },
    "papermill": {
     "duration": 0.05905,
     "end_time": "2022-01-13T09:20:52.554376",
     "exception": false,
     "start_time": "2022-01-13T09:20:52.495326",
     "status": "completed"
    },
    "tags": []
   },
   "outputs": [
    {
     "data": {
      "text/html": [
       "<div>\n",
       "<style scoped>\n",
       "    .dataframe tbody tr th:only-of-type {\n",
       "        vertical-align: middle;\n",
       "    }\n",
       "\n",
       "    .dataframe tbody tr th {\n",
       "        vertical-align: top;\n",
       "    }\n",
       "\n",
       "    .dataframe thead th {\n",
       "        text-align: right;\n",
       "    }\n",
       "</style>\n",
       "<table border=\"1\" class=\"dataframe\">\n",
       "  <thead>\n",
       "    <tr style=\"text-align: right;\">\n",
       "      <th></th>\n",
       "      <th>Area</th>\n",
       "      <th>Garage</th>\n",
       "      <th>FirePlace</th>\n",
       "      <th>Baths</th>\n",
       "      <th>White Marble</th>\n",
       "      <th>Black Marble</th>\n",
       "      <th>Indian Marble</th>\n",
       "      <th>Floors</th>\n",
       "      <th>City</th>\n",
       "      <th>Solar</th>\n",
       "      <th>Electric</th>\n",
       "      <th>Fiber</th>\n",
       "      <th>Glass Doors</th>\n",
       "      <th>Swiming Pool</th>\n",
       "      <th>Garden</th>\n",
       "      <th>Prices</th>\n",
       "    </tr>\n",
       "  </thead>\n",
       "  <tbody>\n",
       "    <tr>\n",
       "      <th>0</th>\n",
       "      <td>164</td>\n",
       "      <td>2</td>\n",
       "      <td>0</td>\n",
       "      <td>2</td>\n",
       "      <td>0</td>\n",
       "      <td>1</td>\n",
       "      <td>0</td>\n",
       "      <td>0</td>\n",
       "      <td>3</td>\n",
       "      <td>1</td>\n",
       "      <td>1</td>\n",
       "      <td>1</td>\n",
       "      <td>1</td>\n",
       "      <td>0</td>\n",
       "      <td>0</td>\n",
       "      <td>43800</td>\n",
       "    </tr>\n",
       "    <tr>\n",
       "      <th>1</th>\n",
       "      <td>84</td>\n",
       "      <td>2</td>\n",
       "      <td>0</td>\n",
       "      <td>4</td>\n",
       "      <td>0</td>\n",
       "      <td>0</td>\n",
       "      <td>1</td>\n",
       "      <td>1</td>\n",
       "      <td>2</td>\n",
       "      <td>0</td>\n",
       "      <td>0</td>\n",
       "      <td>0</td>\n",
       "      <td>1</td>\n",
       "      <td>1</td>\n",
       "      <td>1</td>\n",
       "      <td>37550</td>\n",
       "    </tr>\n",
       "    <tr>\n",
       "      <th>2</th>\n",
       "      <td>190</td>\n",
       "      <td>2</td>\n",
       "      <td>4</td>\n",
       "      <td>4</td>\n",
       "      <td>1</td>\n",
       "      <td>0</td>\n",
       "      <td>0</td>\n",
       "      <td>0</td>\n",
       "      <td>2</td>\n",
       "      <td>0</td>\n",
       "      <td>0</td>\n",
       "      <td>1</td>\n",
       "      <td>0</td>\n",
       "      <td>0</td>\n",
       "      <td>0</td>\n",
       "      <td>49500</td>\n",
       "    </tr>\n",
       "    <tr>\n",
       "      <th>3</th>\n",
       "      <td>75</td>\n",
       "      <td>2</td>\n",
       "      <td>4</td>\n",
       "      <td>4</td>\n",
       "      <td>0</td>\n",
       "      <td>0</td>\n",
       "      <td>1</td>\n",
       "      <td>1</td>\n",
       "      <td>1</td>\n",
       "      <td>1</td>\n",
       "      <td>1</td>\n",
       "      <td>1</td>\n",
       "      <td>1</td>\n",
       "      <td>1</td>\n",
       "      <td>1</td>\n",
       "      <td>50075</td>\n",
       "    </tr>\n",
       "    <tr>\n",
       "      <th>4</th>\n",
       "      <td>148</td>\n",
       "      <td>1</td>\n",
       "      <td>4</td>\n",
       "      <td>2</td>\n",
       "      <td>1</td>\n",
       "      <td>0</td>\n",
       "      <td>0</td>\n",
       "      <td>1</td>\n",
       "      <td>2</td>\n",
       "      <td>1</td>\n",
       "      <td>0</td>\n",
       "      <td>0</td>\n",
       "      <td>1</td>\n",
       "      <td>1</td>\n",
       "      <td>1</td>\n",
       "      <td>52400</td>\n",
       "    </tr>\n",
       "  </tbody>\n",
       "</table>\n",
       "</div>"
      ],
      "text/plain": [
       "   Area  Garage  FirePlace  Baths  White Marble  Black Marble  Indian Marble  \\\n",
       "0   164       2          0      2             0             1              0   \n",
       "1    84       2          0      4             0             0              1   \n",
       "2   190       2          4      4             1             0              0   \n",
       "3    75       2          4      4             0             0              1   \n",
       "4   148       1          4      2             1             0              0   \n",
       "\n",
       "   Floors  City  Solar  Electric  Fiber  Glass Doors  Swiming Pool  Garden  \\\n",
       "0       0     3      1         1      1            1             0       0   \n",
       "1       1     2      0         0      0            1             1       1   \n",
       "2       0     2      0         0      1            0             0       0   \n",
       "3       1     1      1         1      1            1             1       1   \n",
       "4       1     2      1         0      0            1             1       1   \n",
       "\n",
       "   Prices  \n",
       "0   43800  \n",
       "1   37550  \n",
       "2   49500  \n",
       "3   50075  \n",
       "4   52400  "
      ]
     },
     "execution_count": 2,
     "metadata": {},
     "output_type": "execute_result"
    }
   ],
   "source": [
    "df = pd.read_csv('HousePrices_HalfMil.CSV')\n",
    "df.head()"
   ]
  },
  {
   "cell_type": "markdown",
   "id": "dc6e5541",
   "metadata": {
    "papermill": {
     "duration": 0.020437,
     "end_time": "2022-01-13T09:20:52.596597",
     "exception": false,
     "start_time": "2022-01-13T09:20:52.576160",
     "status": "completed"
    },
    "tags": []
   },
   "source": [
    "**How many total observations in data?**\n",
    "\n",
    "The dimensionality of the dataset is the number of rows x columns in the dataset. The rows represent the observations and the columns represent the variables. The shape attribute of the DataFrame class returns a tuple representing rows x columns.There are 500000 observations (rows) and 16 variables (columns) in the dataset.\n"
   ]
  },
  {
   "cell_type": "code",
   "execution_count": 3,
   "id": "83e09ac2",
   "metadata": {},
   "outputs": [
    {
     "name": "stdout",
     "output_type": "stream",
     "text": [
      "500000\n",
      "(500000, 16)\n"
     ]
    }
   ],
   "source": [
    "print(len(df))\n",
    "print(df.shape)"
   ]
  },
  {
   "cell_type": "markdown",
   "id": "9dffa1dd",
   "metadata": {
    "papermill": {
     "duration": 0.020179,
     "end_time": "2022-01-13T09:20:52.637970",
     "exception": false,
     "start_time": "2022-01-13T09:20:52.617791",
     "status": "completed"
    },
    "tags": []
   },
   "source": [
    "**How many independent variables?**\n",
    "\n",
    "In This dataset,we could say Area is the independent variables."
   ]
  },
  {
   "cell_type": "markdown",
   "id": "804a0868",
   "metadata": {
    "papermill": {
     "duration": 0.020009,
     "end_time": "2022-01-13T09:20:52.677420",
     "exception": false,
     "start_time": "2022-01-13T09:20:52.657411",
     "status": "completed"
    },
    "tags": []
   },
   "source": [
    "**Which is dependent variable?**\n",
    "\n",
    "Prices is the dependent variable."
   ]
  },
  {
   "cell_type": "markdown",
   "id": "f3b8ab78",
   "metadata": {
    "papermill": {
     "duration": 0.018053,
     "end_time": "2022-01-13T09:20:52.713931",
     "exception": false,
     "start_time": "2022-01-13T09:20:52.695878",
     "status": "completed"
    },
    "tags": []
   },
   "source": [
    "**Which are most useful variable in estimation? Prove using correlation.**\n",
    "\n",
    "In this dataset there is only one independent variable. So there is no selection of most useful variable. But following is correlation between independent and dependent variable."
   ]
  },
  {
   "cell_type": "code",
   "execution_count": 12,
   "id": "871cab40",
   "metadata": {
    "execution": {
     "iopub.execute_input": "2022-01-13T09:20:52.766192Z",
     "iopub.status.busy": "2022-01-13T09:20:52.765414Z",
     "iopub.status.idle": "2022-01-13T09:20:52.768221Z",
     "shell.execute_reply": "2022-01-13T09:20:52.768762Z",
     "shell.execute_reply.started": "2022-01-13T08:42:34.568883Z"
    },
    "papermill": {
     "duration": 0.035285,
     "end_time": "2022-01-13T09:20:52.768938",
     "exception": false,
     "start_time": "2022-01-13T09:20:52.733653",
     "status": "completed"
    },
    "tags": []
   },
   "outputs": [
    {
     "data": {
      "text/html": [
       "<div>\n",
       "<style scoped>\n",
       "    .dataframe tbody tr th:only-of-type {\n",
       "        vertical-align: middle;\n",
       "    }\n",
       "\n",
       "    .dataframe tbody tr th {\n",
       "        vertical-align: top;\n",
       "    }\n",
       "\n",
       "    .dataframe thead th {\n",
       "        text-align: right;\n",
       "    }\n",
       "</style>\n",
       "<table border=\"1\" class=\"dataframe\">\n",
       "  <thead>\n",
       "    <tr style=\"text-align: right;\">\n",
       "      <th></th>\n",
       "      <th>Area</th>\n",
       "      <th>Garage</th>\n",
       "      <th>FirePlace</th>\n",
       "      <th>Baths</th>\n",
       "      <th>White Marble</th>\n",
       "      <th>Black Marble</th>\n",
       "      <th>Indian Marble</th>\n",
       "      <th>Floors</th>\n",
       "      <th>City</th>\n",
       "      <th>Solar</th>\n",
       "      <th>Electric</th>\n",
       "      <th>Fiber</th>\n",
       "      <th>Glass Doors</th>\n",
       "      <th>Swiming Pool</th>\n",
       "      <th>Garden</th>\n",
       "      <th>Prices</th>\n",
       "    </tr>\n",
       "  </thead>\n",
       "  <tbody>\n",
       "    <tr>\n",
       "      <th>Area</th>\n",
       "      <td>1.000000</td>\n",
       "      <td>-0.000897</td>\n",
       "      <td>0.000374</td>\n",
       "      <td>-0.000398</td>\n",
       "      <td>0.002525</td>\n",
       "      <td>-0.001477</td>\n",
       "      <td>-0.001047</td>\n",
       "      <td>-0.000776</td>\n",
       "      <td>-0.003455</td>\n",
       "      <td>0.000526</td>\n",
       "      <td>-0.000128</td>\n",
       "      <td>0.000114</td>\n",
       "      <td>-0.001230</td>\n",
       "      <td>0.000610</td>\n",
       "      <td>0.001428</td>\n",
       "      <td>0.147717</td>\n",
       "    </tr>\n",
       "    <tr>\n",
       "      <th>Garage</th>\n",
       "      <td>-0.000897</td>\n",
       "      <td>1.000000</td>\n",
       "      <td>0.001307</td>\n",
       "      <td>-0.003647</td>\n",
       "      <td>0.000541</td>\n",
       "      <td>0.001847</td>\n",
       "      <td>-0.002385</td>\n",
       "      <td>-0.000931</td>\n",
       "      <td>0.000793</td>\n",
       "      <td>0.001480</td>\n",
       "      <td>0.000779</td>\n",
       "      <td>-0.000562</td>\n",
       "      <td>-0.002171</td>\n",
       "      <td>0.001088</td>\n",
       "      <td>-0.000669</td>\n",
       "      <td>0.100294</td>\n",
       "    </tr>\n",
       "    <tr>\n",
       "      <th>FirePlace</th>\n",
       "      <td>0.000374</td>\n",
       "      <td>0.001307</td>\n",
       "      <td>1.000000</td>\n",
       "      <td>0.000643</td>\n",
       "      <td>0.000952</td>\n",
       "      <td>-0.000922</td>\n",
       "      <td>-0.000030</td>\n",
       "      <td>0.000185</td>\n",
       "      <td>-0.000211</td>\n",
       "      <td>-0.000309</td>\n",
       "      <td>0.001342</td>\n",
       "      <td>0.001818</td>\n",
       "      <td>-0.000366</td>\n",
       "      <td>0.001295</td>\n",
       "      <td>0.000231</td>\n",
       "      <td>0.089139</td>\n",
       "    </tr>\n",
       "    <tr>\n",
       "      <th>Baths</th>\n",
       "      <td>-0.000398</td>\n",
       "      <td>-0.003647</td>\n",
       "      <td>0.000643</td>\n",
       "      <td>1.000000</td>\n",
       "      <td>0.002493</td>\n",
       "      <td>-0.002739</td>\n",
       "      <td>0.000246</td>\n",
       "      <td>-0.000880</td>\n",
       "      <td>-0.000858</td>\n",
       "      <td>-0.000755</td>\n",
       "      <td>0.001047</td>\n",
       "      <td>-0.000687</td>\n",
       "      <td>-0.001668</td>\n",
       "      <td>0.002212</td>\n",
       "      <td>0.001723</td>\n",
       "      <td>0.145087</td>\n",
       "    </tr>\n",
       "    <tr>\n",
       "      <th>White Marble</th>\n",
       "      <td>0.002525</td>\n",
       "      <td>0.000541</td>\n",
       "      <td>0.000952</td>\n",
       "      <td>0.002493</td>\n",
       "      <td>1.000000</td>\n",
       "      <td>-0.498893</td>\n",
       "      <td>-0.500723</td>\n",
       "      <td>0.000078</td>\n",
       "      <td>-0.000861</td>\n",
       "      <td>-0.001583</td>\n",
       "      <td>0.000558</td>\n",
       "      <td>-0.000576</td>\n",
       "      <td>-0.000402</td>\n",
       "      <td>-0.001898</td>\n",
       "      <td>0.000959</td>\n",
       "      <td>0.448154</td>\n",
       "    </tr>\n",
       "    <tr>\n",
       "      <th>Black Marble</th>\n",
       "      <td>-0.001477</td>\n",
       "      <td>0.001847</td>\n",
       "      <td>-0.000922</td>\n",
       "      <td>-0.002739</td>\n",
       "      <td>-0.498893</td>\n",
       "      <td>1.000000</td>\n",
       "      <td>-0.500383</td>\n",
       "      <td>-0.000368</td>\n",
       "      <td>-0.000324</td>\n",
       "      <td>0.001764</td>\n",
       "      <td>-0.000549</td>\n",
       "      <td>0.000073</td>\n",
       "      <td>0.000086</td>\n",
       "      <td>0.000713</td>\n",
       "      <td>0.000133</td>\n",
       "      <td>-0.078049</td>\n",
       "    </tr>\n",
       "    <tr>\n",
       "      <th>Indian Marble</th>\n",
       "      <td>-0.001047</td>\n",
       "      <td>-0.002385</td>\n",
       "      <td>-0.000030</td>\n",
       "      <td>0.000246</td>\n",
       "      <td>-0.500723</td>\n",
       "      <td>-0.500383</td>\n",
       "      <td>1.000000</td>\n",
       "      <td>0.000289</td>\n",
       "      <td>0.001184</td>\n",
       "      <td>-0.000180</td>\n",
       "      <td>-0.000010</td>\n",
       "      <td>0.000503</td>\n",
       "      <td>0.000316</td>\n",
       "      <td>0.001184</td>\n",
       "      <td>-0.001091</td>\n",
       "      <td>-0.369756</td>\n",
       "    </tr>\n",
       "    <tr>\n",
       "      <th>Floors</th>\n",
       "      <td>-0.000776</td>\n",
       "      <td>-0.000931</td>\n",
       "      <td>0.000185</td>\n",
       "      <td>-0.000880</td>\n",
       "      <td>0.000078</td>\n",
       "      <td>-0.000368</td>\n",
       "      <td>0.000289</td>\n",
       "      <td>1.000000</td>\n",
       "      <td>-0.000641</td>\n",
       "      <td>-0.002651</td>\n",
       "      <td>0.000082</td>\n",
       "      <td>0.001373</td>\n",
       "      <td>-0.000008</td>\n",
       "      <td>-0.000211</td>\n",
       "      <td>-0.000492</td>\n",
       "      <td>0.619451</td>\n",
       "    </tr>\n",
       "    <tr>\n",
       "      <th>City</th>\n",
       "      <td>-0.003455</td>\n",
       "      <td>0.000793</td>\n",
       "      <td>-0.000211</td>\n",
       "      <td>-0.000858</td>\n",
       "      <td>-0.000861</td>\n",
       "      <td>-0.000324</td>\n",
       "      <td>0.001184</td>\n",
       "      <td>-0.000641</td>\n",
       "      <td>1.000000</td>\n",
       "      <td>0.000488</td>\n",
       "      <td>0.000788</td>\n",
       "      <td>-0.002716</td>\n",
       "      <td>0.000770</td>\n",
       "      <td>0.000322</td>\n",
       "      <td>0.001207</td>\n",
       "      <td>0.233259</td>\n",
       "    </tr>\n",
       "    <tr>\n",
       "      <th>Solar</th>\n",
       "      <td>0.000526</td>\n",
       "      <td>0.001480</td>\n",
       "      <td>-0.000309</td>\n",
       "      <td>-0.000755</td>\n",
       "      <td>-0.001583</td>\n",
       "      <td>0.001764</td>\n",
       "      <td>-0.000180</td>\n",
       "      <td>-0.002651</td>\n",
       "      <td>0.000488</td>\n",
       "      <td>1.000000</td>\n",
       "      <td>0.001883</td>\n",
       "      <td>0.000238</td>\n",
       "      <td>-0.000817</td>\n",
       "      <td>-0.000466</td>\n",
       "      <td>-0.004263</td>\n",
       "      <td>0.008429</td>\n",
       "    </tr>\n",
       "    <tr>\n",
       "      <th>Electric</th>\n",
       "      <td>-0.000128</td>\n",
       "      <td>0.000779</td>\n",
       "      <td>0.001342</td>\n",
       "      <td>0.001047</td>\n",
       "      <td>0.000558</td>\n",
       "      <td>-0.000549</td>\n",
       "      <td>-0.000010</td>\n",
       "      <td>0.000082</td>\n",
       "      <td>0.000788</td>\n",
       "      <td>0.001883</td>\n",
       "      <td>1.000000</td>\n",
       "      <td>-0.000309</td>\n",
       "      <td>0.001088</td>\n",
       "      <td>0.000571</td>\n",
       "      <td>0.000772</td>\n",
       "      <td>0.052443</td>\n",
       "    </tr>\n",
       "    <tr>\n",
       "      <th>Fiber</th>\n",
       "      <td>0.000114</td>\n",
       "      <td>-0.000562</td>\n",
       "      <td>0.001818</td>\n",
       "      <td>-0.000687</td>\n",
       "      <td>-0.000576</td>\n",
       "      <td>0.000073</td>\n",
       "      <td>0.000503</td>\n",
       "      <td>0.001373</td>\n",
       "      <td>-0.002716</td>\n",
       "      <td>0.000238</td>\n",
       "      <td>-0.000309</td>\n",
       "      <td>1.000000</td>\n",
       "      <td>-0.002268</td>\n",
       "      <td>0.004127</td>\n",
       "      <td>-0.000023</td>\n",
       "      <td>0.484626</td>\n",
       "    </tr>\n",
       "    <tr>\n",
       "      <th>Glass Doors</th>\n",
       "      <td>-0.001230</td>\n",
       "      <td>-0.002171</td>\n",
       "      <td>-0.000366</td>\n",
       "      <td>-0.001668</td>\n",
       "      <td>-0.000402</td>\n",
       "      <td>0.000086</td>\n",
       "      <td>0.000316</td>\n",
       "      <td>-0.000008</td>\n",
       "      <td>0.000770</td>\n",
       "      <td>-0.000817</td>\n",
       "      <td>0.001088</td>\n",
       "      <td>-0.002268</td>\n",
       "      <td>1.000000</td>\n",
       "      <td>0.000396</td>\n",
       "      <td>0.003329</td>\n",
       "      <td>0.181973</td>\n",
       "    </tr>\n",
       "    <tr>\n",
       "      <th>Swiming Pool</th>\n",
       "      <td>0.000610</td>\n",
       "      <td>0.001088</td>\n",
       "      <td>0.001295</td>\n",
       "      <td>0.002212</td>\n",
       "      <td>-0.001898</td>\n",
       "      <td>0.000713</td>\n",
       "      <td>0.001184</td>\n",
       "      <td>-0.000211</td>\n",
       "      <td>0.000322</td>\n",
       "      <td>-0.000466</td>\n",
       "      <td>0.000571</td>\n",
       "      <td>0.004127</td>\n",
       "      <td>0.000396</td>\n",
       "      <td>1.000000</td>\n",
       "      <td>-0.000191</td>\n",
       "      <td>0.001787</td>\n",
       "    </tr>\n",
       "    <tr>\n",
       "      <th>Garden</th>\n",
       "      <td>0.001428</td>\n",
       "      <td>-0.000669</td>\n",
       "      <td>0.000231</td>\n",
       "      <td>0.001723</td>\n",
       "      <td>0.000959</td>\n",
       "      <td>0.000133</td>\n",
       "      <td>-0.001091</td>\n",
       "      <td>-0.000492</td>\n",
       "      <td>0.001207</td>\n",
       "      <td>-0.004263</td>\n",
       "      <td>0.000772</td>\n",
       "      <td>-0.000023</td>\n",
       "      <td>0.003329</td>\n",
       "      <td>-0.000191</td>\n",
       "      <td>1.000000</td>\n",
       "      <td>0.001540</td>\n",
       "    </tr>\n",
       "    <tr>\n",
       "      <th>Prices</th>\n",
       "      <td>0.147717</td>\n",
       "      <td>0.100294</td>\n",
       "      <td>0.089139</td>\n",
       "      <td>0.145087</td>\n",
       "      <td>0.448154</td>\n",
       "      <td>-0.078049</td>\n",
       "      <td>-0.369756</td>\n",
       "      <td>0.619451</td>\n",
       "      <td>0.233259</td>\n",
       "      <td>0.008429</td>\n",
       "      <td>0.052443</td>\n",
       "      <td>0.484626</td>\n",
       "      <td>0.181973</td>\n",
       "      <td>0.001787</td>\n",
       "      <td>0.001540</td>\n",
       "      <td>1.000000</td>\n",
       "    </tr>\n",
       "  </tbody>\n",
       "</table>\n",
       "</div>"
      ],
      "text/plain": [
       "                   Area    Garage  FirePlace     Baths  White Marble  \\\n",
       "Area           1.000000 -0.000897   0.000374 -0.000398      0.002525   \n",
       "Garage        -0.000897  1.000000   0.001307 -0.003647      0.000541   \n",
       "FirePlace      0.000374  0.001307   1.000000  0.000643      0.000952   \n",
       "Baths         -0.000398 -0.003647   0.000643  1.000000      0.002493   \n",
       "White Marble   0.002525  0.000541   0.000952  0.002493      1.000000   \n",
       "Black Marble  -0.001477  0.001847  -0.000922 -0.002739     -0.498893   \n",
       "Indian Marble -0.001047 -0.002385  -0.000030  0.000246     -0.500723   \n",
       "Floors        -0.000776 -0.000931   0.000185 -0.000880      0.000078   \n",
       "City          -0.003455  0.000793  -0.000211 -0.000858     -0.000861   \n",
       "Solar          0.000526  0.001480  -0.000309 -0.000755     -0.001583   \n",
       "Electric      -0.000128  0.000779   0.001342  0.001047      0.000558   \n",
       "Fiber          0.000114 -0.000562   0.001818 -0.000687     -0.000576   \n",
       "Glass Doors   -0.001230 -0.002171  -0.000366 -0.001668     -0.000402   \n",
       "Swiming Pool   0.000610  0.001088   0.001295  0.002212     -0.001898   \n",
       "Garden         0.001428 -0.000669   0.000231  0.001723      0.000959   \n",
       "Prices         0.147717  0.100294   0.089139  0.145087      0.448154   \n",
       "\n",
       "               Black Marble  Indian Marble    Floors      City     Solar  \\\n",
       "Area              -0.001477      -0.001047 -0.000776 -0.003455  0.000526   \n",
       "Garage             0.001847      -0.002385 -0.000931  0.000793  0.001480   \n",
       "FirePlace         -0.000922      -0.000030  0.000185 -0.000211 -0.000309   \n",
       "Baths             -0.002739       0.000246 -0.000880 -0.000858 -0.000755   \n",
       "White Marble      -0.498893      -0.500723  0.000078 -0.000861 -0.001583   \n",
       "Black Marble       1.000000      -0.500383 -0.000368 -0.000324  0.001764   \n",
       "Indian Marble     -0.500383       1.000000  0.000289  0.001184 -0.000180   \n",
       "Floors            -0.000368       0.000289  1.000000 -0.000641 -0.002651   \n",
       "City              -0.000324       0.001184 -0.000641  1.000000  0.000488   \n",
       "Solar              0.001764      -0.000180 -0.002651  0.000488  1.000000   \n",
       "Electric          -0.000549      -0.000010  0.000082  0.000788  0.001883   \n",
       "Fiber              0.000073       0.000503  0.001373 -0.002716  0.000238   \n",
       "Glass Doors        0.000086       0.000316 -0.000008  0.000770 -0.000817   \n",
       "Swiming Pool       0.000713       0.001184 -0.000211  0.000322 -0.000466   \n",
       "Garden             0.000133      -0.001091 -0.000492  0.001207 -0.004263   \n",
       "Prices            -0.078049      -0.369756  0.619451  0.233259  0.008429   \n",
       "\n",
       "               Electric     Fiber  Glass Doors  Swiming Pool    Garden  \\\n",
       "Area          -0.000128  0.000114    -0.001230      0.000610  0.001428   \n",
       "Garage         0.000779 -0.000562    -0.002171      0.001088 -0.000669   \n",
       "FirePlace      0.001342  0.001818    -0.000366      0.001295  0.000231   \n",
       "Baths          0.001047 -0.000687    -0.001668      0.002212  0.001723   \n",
       "White Marble   0.000558 -0.000576    -0.000402     -0.001898  0.000959   \n",
       "Black Marble  -0.000549  0.000073     0.000086      0.000713  0.000133   \n",
       "Indian Marble -0.000010  0.000503     0.000316      0.001184 -0.001091   \n",
       "Floors         0.000082  0.001373    -0.000008     -0.000211 -0.000492   \n",
       "City           0.000788 -0.002716     0.000770      0.000322  0.001207   \n",
       "Solar          0.001883  0.000238    -0.000817     -0.000466 -0.004263   \n",
       "Electric       1.000000 -0.000309     0.001088      0.000571  0.000772   \n",
       "Fiber         -0.000309  1.000000    -0.002268      0.004127 -0.000023   \n",
       "Glass Doors    0.001088 -0.002268     1.000000      0.000396  0.003329   \n",
       "Swiming Pool   0.000571  0.004127     0.000396      1.000000 -0.000191   \n",
       "Garden         0.000772 -0.000023     0.003329     -0.000191  1.000000   \n",
       "Prices         0.052443  0.484626     0.181973      0.001787  0.001540   \n",
       "\n",
       "                 Prices  \n",
       "Area           0.147717  \n",
       "Garage         0.100294  \n",
       "FirePlace      0.089139  \n",
       "Baths          0.145087  \n",
       "White Marble   0.448154  \n",
       "Black Marble  -0.078049  \n",
       "Indian Marble -0.369756  \n",
       "Floors         0.619451  \n",
       "City           0.233259  \n",
       "Solar          0.008429  \n",
       "Electric       0.052443  \n",
       "Fiber          0.484626  \n",
       "Glass Doors    0.181973  \n",
       "Swiming Pool   0.001787  \n",
       "Garden         0.001540  \n",
       "Prices         1.000000  "
      ]
     },
     "execution_count": 12,
     "metadata": {},
     "output_type": "execute_result"
    }
   ],
   "source": [
    "df.corr()"
   ]
  },
  {
   "cell_type": "markdown",
   "id": "1510cc6a",
   "metadata": {
    "papermill": {
     "duration": 0.019877,
     "end_time": "2022-01-13T09:20:52.809551",
     "exception": false,
     "start_time": "2022-01-13T09:20:52.789674",
     "status": "completed"
    },
    "tags": []
   },
   "source": [
    "# Data Preparation"
   ]
  },
  {
   "cell_type": "markdown",
   "id": "ea826ab6",
   "metadata": {
    "papermill": {
     "duration": 0.019431,
     "end_time": "2022-01-13T09:20:52.849265",
     "exception": false,
     "start_time": "2022-01-13T09:20:52.829834",
     "status": "completed"
    },
    "tags": []
   },
   "source": [
    "**Finding Missing Values**"
   ]
  },
  {
   "cell_type": "code",
   "execution_count": 35,
   "id": "0d7255e8",
   "metadata": {
    "execution": {
     "iopub.execute_input": "2022-01-13T09:20:52.893048Z",
     "iopub.status.busy": "2022-01-13T09:20:52.892390Z",
     "iopub.status.idle": "2022-01-13T09:20:52.901187Z",
     "shell.execute_reply": "2022-01-13T09:20:52.901913Z",
     "shell.execute_reply.started": "2022-01-13T08:43:55.230282Z"
    },
    "papermill": {
     "duration": 0.032243,
     "end_time": "2022-01-13T09:20:52.902135",
     "exception": false,
     "start_time": "2022-01-13T09:20:52.869892",
     "status": "completed"
    },
    "tags": []
   },
   "outputs": [
    {
     "data": {
      "text/html": [
       "<div>\n",
       "<style scoped>\n",
       "    .dataframe tbody tr th:only-of-type {\n",
       "        vertical-align: middle;\n",
       "    }\n",
       "\n",
       "    .dataframe tbody tr th {\n",
       "        vertical-align: top;\n",
       "    }\n",
       "\n",
       "    .dataframe thead th {\n",
       "        text-align: right;\n",
       "    }\n",
       "</style>\n",
       "<table border=\"1\" class=\"dataframe\">\n",
       "  <thead>\n",
       "    <tr style=\"text-align: right;\">\n",
       "      <th></th>\n",
       "      <th>Area</th>\n",
       "      <th>Garage</th>\n",
       "      <th>FirePlace</th>\n",
       "      <th>Baths</th>\n",
       "      <th>White Marble</th>\n",
       "      <th>Black Marble</th>\n",
       "      <th>Indian Marble</th>\n",
       "      <th>Floors</th>\n",
       "      <th>City</th>\n",
       "      <th>Solar</th>\n",
       "      <th>Electric</th>\n",
       "      <th>Fiber</th>\n",
       "      <th>Glass Doors</th>\n",
       "      <th>Swiming Pool</th>\n",
       "      <th>Garden</th>\n",
       "      <th>Prices</th>\n",
       "    </tr>\n",
       "  </thead>\n",
       "  <tbody>\n",
       "    <tr>\n",
       "      <th>0</th>\n",
       "      <td>164</td>\n",
       "      <td>2</td>\n",
       "      <td>0</td>\n",
       "      <td>2</td>\n",
       "      <td>0</td>\n",
       "      <td>1</td>\n",
       "      <td>0</td>\n",
       "      <td>0</td>\n",
       "      <td>3</td>\n",
       "      <td>1</td>\n",
       "      <td>1</td>\n",
       "      <td>1</td>\n",
       "      <td>1</td>\n",
       "      <td>0</td>\n",
       "      <td>0</td>\n",
       "      <td>43800</td>\n",
       "    </tr>\n",
       "    <tr>\n",
       "      <th>1</th>\n",
       "      <td>84</td>\n",
       "      <td>2</td>\n",
       "      <td>0</td>\n",
       "      <td>4</td>\n",
       "      <td>0</td>\n",
       "      <td>0</td>\n",
       "      <td>1</td>\n",
       "      <td>1</td>\n",
       "      <td>2</td>\n",
       "      <td>0</td>\n",
       "      <td>0</td>\n",
       "      <td>0</td>\n",
       "      <td>1</td>\n",
       "      <td>1</td>\n",
       "      <td>1</td>\n",
       "      <td>37550</td>\n",
       "    </tr>\n",
       "    <tr>\n",
       "      <th>2</th>\n",
       "      <td>190</td>\n",
       "      <td>2</td>\n",
       "      <td>4</td>\n",
       "      <td>4</td>\n",
       "      <td>1</td>\n",
       "      <td>0</td>\n",
       "      <td>0</td>\n",
       "      <td>0</td>\n",
       "      <td>2</td>\n",
       "      <td>0</td>\n",
       "      <td>0</td>\n",
       "      <td>1</td>\n",
       "      <td>0</td>\n",
       "      <td>0</td>\n",
       "      <td>0</td>\n",
       "      <td>49500</td>\n",
       "    </tr>\n",
       "    <tr>\n",
       "      <th>3</th>\n",
       "      <td>75</td>\n",
       "      <td>2</td>\n",
       "      <td>4</td>\n",
       "      <td>4</td>\n",
       "      <td>0</td>\n",
       "      <td>0</td>\n",
       "      <td>1</td>\n",
       "      <td>1</td>\n",
       "      <td>1</td>\n",
       "      <td>1</td>\n",
       "      <td>1</td>\n",
       "      <td>1</td>\n",
       "      <td>1</td>\n",
       "      <td>1</td>\n",
       "      <td>1</td>\n",
       "      <td>50075</td>\n",
       "    </tr>\n",
       "    <tr>\n",
       "      <th>4</th>\n",
       "      <td>148</td>\n",
       "      <td>1</td>\n",
       "      <td>4</td>\n",
       "      <td>2</td>\n",
       "      <td>1</td>\n",
       "      <td>0</td>\n",
       "      <td>0</td>\n",
       "      <td>1</td>\n",
       "      <td>2</td>\n",
       "      <td>1</td>\n",
       "      <td>0</td>\n",
       "      <td>0</td>\n",
       "      <td>1</td>\n",
       "      <td>1</td>\n",
       "      <td>1</td>\n",
       "      <td>52400</td>\n",
       "    </tr>\n",
       "  </tbody>\n",
       "</table>\n",
       "</div>"
      ],
      "text/plain": [
       "   Area  Garage  FirePlace  Baths  White Marble  Black Marble  Indian Marble  \\\n",
       "0   164       2          0      2             0             1              0   \n",
       "1    84       2          0      4             0             0              1   \n",
       "2   190       2          4      4             1             0              0   \n",
       "3    75       2          4      4             0             0              1   \n",
       "4   148       1          4      2             1             0              0   \n",
       "\n",
       "   Floors  City  Solar  Electric  Fiber  Glass Doors  Swiming Pool  Garden  \\\n",
       "0       0     3      1         1      1            1             0       0   \n",
       "1       1     2      0         0      0            1             1       1   \n",
       "2       0     2      0         0      1            0             0       0   \n",
       "3       1     1      1         1      1            1             1       1   \n",
       "4       1     2      1         0      0            1             1       1   \n",
       "\n",
       "   Prices  \n",
       "0   43800  \n",
       "1   37550  \n",
       "2   49500  \n",
       "3   50075  \n",
       "4   52400  "
      ]
     },
     "execution_count": 35,
     "metadata": {},
     "output_type": "execute_result"
    }
   ],
   "source": [
    "df.head()"
   ]
  },
  {
   "cell_type": "code",
   "execution_count": 36,
   "id": "04b1085f",
   "metadata": {
    "execution": {
     "iopub.execute_input": "2022-01-13T09:20:52.948469Z",
     "iopub.status.busy": "2022-01-13T09:20:52.947764Z",
     "iopub.status.idle": "2022-01-13T09:20:52.972519Z",
     "shell.execute_reply": "2022-01-13T09:20:52.971757Z",
     "shell.execute_reply.started": "2022-01-13T08:44:08.269774Z"
    },
    "papermill": {
     "duration": 0.049043,
     "end_time": "2022-01-13T09:20:52.972726",
     "exception": false,
     "start_time": "2022-01-13T09:20:52.923683",
     "status": "completed"
    },
    "tags": []
   },
   "outputs": [
    {
     "name": "stdout",
     "output_type": "stream",
     "text": [
      "<class 'pandas.core.frame.DataFrame'>\n",
      "RangeIndex: 500000 entries, 0 to 499999\n",
      "Data columns (total 16 columns):\n",
      " #   Column         Non-Null Count   Dtype\n",
      "---  ------         --------------   -----\n",
      " 0   Area           500000 non-null  int64\n",
      " 1   Garage         500000 non-null  int64\n",
      " 2   FirePlace      500000 non-null  int64\n",
      " 3   Baths          500000 non-null  int64\n",
      " 4   White Marble   500000 non-null  int64\n",
      " 5   Black Marble   500000 non-null  int64\n",
      " 6   Indian Marble  500000 non-null  int64\n",
      " 7   Floors         500000 non-null  int64\n",
      " 8   City           500000 non-null  int64\n",
      " 9   Solar          500000 non-null  int64\n",
      " 10  Electric       500000 non-null  int64\n",
      " 11  Fiber          500000 non-null  int64\n",
      " 12  Glass Doors    500000 non-null  int64\n",
      " 13  Swiming Pool   500000 non-null  int64\n",
      " 14  Garden         500000 non-null  int64\n",
      " 15  Prices         500000 non-null  int64\n",
      "dtypes: int64(16)\n",
      "memory usage: 61.0 MB\n"
     ]
    }
   ],
   "source": [
    "df.info()"
   ]
  },
  {
   "cell_type": "code",
   "execution_count": 37,
   "id": "14c8afdf",
   "metadata": {
    "execution": {
     "iopub.execute_input": "2022-01-13T09:20:53.019908Z",
     "iopub.status.busy": "2022-01-13T09:20:53.018934Z",
     "iopub.status.idle": "2022-01-13T09:20:53.026862Z",
     "shell.execute_reply": "2022-01-13T09:20:53.027401Z",
     "shell.execute_reply.started": "2022-01-13T08:44:42.164306Z"
    },
    "papermill": {
     "duration": 0.033159,
     "end_time": "2022-01-13T09:20:53.027576",
     "exception": false,
     "start_time": "2022-01-13T09:20:52.994417",
     "status": "completed"
    },
    "tags": []
   },
   "outputs": [
    {
     "data": {
      "text/plain": [
       "Area             0\n",
       "Garage           0\n",
       "FirePlace        0\n",
       "Baths            0\n",
       "White Marble     0\n",
       "Black Marble     0\n",
       "Indian Marble    0\n",
       "Floors           0\n",
       "City             0\n",
       "Solar            0\n",
       "Electric         0\n",
       "Fiber            0\n",
       "Glass Doors      0\n",
       "Swiming Pool     0\n",
       "Garden           0\n",
       "Prices           0\n",
       "dtype: int64"
      ]
     },
     "execution_count": 37,
     "metadata": {},
     "output_type": "execute_result"
    }
   ],
   "source": [
    "df.isnull().sum()"
   ]
  },
  {
   "cell_type": "markdown",
   "id": "d6c534c2",
   "metadata": {
    "papermill": {
     "duration": 0.019687,
     "end_time": "2022-01-13T09:20:53.067519",
     "exception": false,
     "start_time": "2022-01-13T09:20:53.047832",
     "status": "completed"
    },
    "tags": []
   },
   "source": [
    "**Area column**"
   ]
  },
  {
   "cell_type": "code",
   "execution_count": 38,
   "id": "fa4e8896",
   "metadata": {
    "execution": {
     "iopub.execute_input": "2022-01-13T09:20:53.115157Z",
     "iopub.status.busy": "2022-01-13T09:20:53.114171Z",
     "iopub.status.idle": "2022-01-13T09:20:54.543226Z",
     "shell.execute_reply": "2022-01-13T09:20:54.542477Z",
     "shell.execute_reply.started": "2022-01-13T08:45:50.110458Z"
    },
    "papermill": {
     "duration": 1.454922,
     "end_time": "2022-01-13T09:20:54.543413",
     "exception": false,
     "start_time": "2022-01-13T09:20:53.088491",
     "status": "completed"
    },
    "tags": []
   },
   "outputs": [
    {
     "data": {
      "text/plain": [
       "Text(0.5, 1.0, 'Area Distribution')"
      ]
     },
     "execution_count": 38,
     "metadata": {},
     "output_type": "execute_result"
    },
    {
     "data": {
